Original Matrix
1.000000 2.000000 0.000000 0.000000 0.000000 0.000000 0.000000 
2.000000 1.000000 2.000000 2.000000 0.000000 0.000000 0.000000 
0.000000 2.000000 1.000000 0.000000 0.000000 0.000000 0.000000 
0.000000 2.000000 0.000000 1.000000 0.000000 0.000000 0.000000 
0.000000 0.000000 0.000000 0.000000 1.000000 1.000000 1.500000 
0.000000 0.000000 0.000000 0.000000 1.000000 1.000000 2.000000 
0.000000 0.000000 0.000000 0.000000 1.500000 2.000000 1.000000 

Original Markov Matrix
0.333333 0.285714 0.000000 0.000000 0.000000 0.000000 0.000000 
0.666667 0.142857 0.666667 0.666667 0.000000 0.000000 0.000000 
0.000000 0.285714 0.333333 0.000000 0.000000 0.000000 0.000000 
0.000000 0.285714 0.000000 0.333333 0.000000 0.000000 0.000000 
0.000000 0.000000 0.000000 0.000000 0.285714 0.250000 0.333333 
0.000000 0.000000 0.000000 0.000000 0.285714 0.250000 0.444444 
0.000000 0.000000 0.000000 0.000000 0.428571 0.500000 0.222222 

Final Array
0.000000 0.000000 0.000000 0.000000 0.000000 0.000000 0.000000 
1.000000 1.000000 1.000000 1.000000 0.000000 0.000000 0.000000 
0.000000 0.000000 0.000000 0.000000 0.000000 0.000000 0.000000 
0.000000 0.000000 0.000000 0.000000 0.000000 0.000000 0.000000 
0.000000 0.000000 0.000000 0.000000 0.000000 0.000000 0.000000 
0.000000 0.000000 0.000000 0.000000 0.000000 0.000000 0.000000 
0.000000 0.000000 0.000000 0.000000 1.000000 1.000000 1.000000 

Time difference: 0.000145
