Found Coordinates
6.262002 2.872000 4.906001 1.676000 
5.843335 3.054000 3.758667 1.198667 
5.744367 3.046479 3.605634 1.145071 
6.262002 2.872000 4.906001 1.676000 
5.744367 3.046479 3.605634 1.145071 
5.843335 3.054000 3.758667 1.198667 
5.843335 3.054000 3.758667 1.198667 


Number of unique centroids: 3
Unique Centroids 0: 5.843335 3.054000 3.758667 1.198667 
Unique Centroids 1: 6.262002 2.872000 4.906001 1.676000 
Unique Centroids 2: 5.744367 3.046479 3.605634 1.145071 

Time difference: 0.003469
